Camera Matrix:
 [2918.173910427262, 0, 1224.577959082814;
 0, 2712.285042743833, 1598.890793819125;
 0, 0, 1]
Distortion Matrix: 
[0.1063833678903079, -0.3218427230614517, 0.001458832745731512, 0.0006713282326283284, 0.3293767665489676]
Rotation vectors: 
Image1	[0.3348891941348773;
 0.3315743341201194;
 0.4160906639921343]
Image2	[0.2383578852563178;
 -0.08566392191115238;
 3.119629711539427]
Image3	[-0.2433847213817948;
 -0.4654185578009997;
 3.010965436090961]
Image4	[-0.0621607051795737;
 -0.8854782435770645;
 2.916142948290239]
Image5	[0.2543700726377134;
 0.5668860718484071;
 0.07065310791892623]
Image6	[0.06399723720515348;
 -1.240230626791216;
 2.87689997514389]
Image7	[-0.02569873277655247;
 0.08651201750125671;
 0.04852266616255206]
Image8	[0.5340083935358577;
 0.6825707295797375;
 0.1824170417167611]
Image9	[-0.1181518175509574;
 -0.7508364779987099;
 2.918645226504816]
Image10	[-0.3683439571503783;
 0.1761211530653844;
 0.05245830888830813]
Image11	[0.08137877110037206;
 0.1793463463737047;
 0.02159389732716366]
Image12	[-0.3574640291111838;
 -0.7572625183731463;
 2.802211964223154]
Image13	[0.06166064780742617;
 -1.483710619448424;
 2.738399760865503]
Image14	[-0.7743247334412733;
 0.05821812072833023;
 0.0142950699418347]
Image15	[-0.1125010669439419;
 -1.165149079788131;
 -2.909174405534871]
Image16	[0.2966430016279836;
 -0.03474532750567632;
 0.008948492073962385]
Image17	[0.1855199739296374;
 -0.3088415765838391;
 3.110157439157804]
Image18	[0.7014383852333829;
 0.09530211938050914;
 0.05242004409862857]
Image19	[-0.53816313228264;
 0.006792223703958039;
 0.01056217388761232]
Image20	[-1.019509505622345;
 -0.122605904831961;
 2.899953795531414]
Image21	[-0.6008328225131837;
 0.008649467348355427;
 -3.06943523044891]
Image22	[-1.043920676438385;
 -0.003616326346260596;
 -2.918058365782657]
Image23	[-0.3391604827099051;
 -0.1138124690719443;
 3.094908543582142]
Image24	[-0.1638309717792232;
 -0.9685363935091078;
 2.909992936488198]
Image25	[-0.1191786627857342;
 -0.03468639695223705;
 -3.136465766685616]
Image26	[-0.0527841376126951;
 -0.583955547731796;
 3.030513059708944]
Image27	[-0.03278769795110107;
 -1.022875232799893;
 -0.0809232118481025]
Image28	[-0.9055985604058355;
 -0.5154326261203392;
 2.691581166432541]
Translation vectors:
Image1	[0.3348891941348773;
 0.3315743341201194;
 0.4160906639921343]
Image2	[0.2383578852563178;
 -0.08566392191115238;
 3.119629711539427]
Image3	[-0.2433847213817948;
 -0.4654185578009997;
 3.010965436090961]
Image4	[-0.0621607051795737;
 -0.8854782435770645;
 2.916142948290239]
Image5	[0.2543700726377134;
 0.5668860718484071;
 0.07065310791892623]
Image6	[0.06399723720515348;
 -1.240230626791216;
 2.87689997514389]
Image7	[-0.02569873277655247;
 0.08651201750125671;
 0.04852266616255206]
Image8	[0.5340083935358577;
 0.6825707295797375;
 0.1824170417167611]
Image9	[-0.1181518175509574;
 -0.7508364779987099;
 2.918645226504816]
Image10	[-0.3683439571503783;
 0.1761211530653844;
 0.05245830888830813]
Image11	[0.08137877110037206;
 0.1793463463737047;
 0.02159389732716366]
Image12	[-0.3574640291111838;
 -0.7572625183731463;
 2.802211964223154]
Image13	[0.06166064780742617;
 -1.483710619448424;
 2.738399760865503]
Image14	[-0.7743247334412733;
 0.05821812072833023;
 0.0142950699418347]
Image15	[-0.1125010669439419;
 -1.165149079788131;
 -2.909174405534871]
Image16	[0.2966430016279836;
 -0.03474532750567632;
 0.008948492073962385]
Image17	[0.1855199739296374;
 -0.3088415765838391;
 3.110157439157804]
Image18	[0.7014383852333829;
 0.09530211938050914;
 0.05242004409862857]
Image19	[-0.53816313228264;
 0.006792223703958039;
 0.01056217388761232]
Image20	[-1.019509505622345;
 -0.122605904831961;
 2.899953795531414]
Image21	[-0.6008328225131837;
 0.008649467348355427;
 -3.06943523044891]
Image22	[-1.043920676438385;
 -0.003616326346260596;
 -2.918058365782657]
Image23	[-0.3391604827099051;
 -0.1138124690719443;
 3.094908543582142]
Image24	[-0.1638309717792232;
 -0.9685363935091078;
 2.909992936488198]
Image25	[-0.1191786627857342;
 -0.03468639695223705;
 -3.136465766685616]
Image26	[-0.0527841376126951;
 -0.583955547731796;
 3.030513059708944]
Image27	[-0.03278769795110107;
 -1.022875232799893;
 -0.0809232118481025]
Image28	[-0.9055985604058355;
 -0.5154326261203392;
 2.691581166432541]
